elem =[

   292   253   255
   281   293   260
    68   304   245
   288   271   232
   288   232   252
   288   276   271
   294   272   278
   274   200   240
   305   261   274
   303   269   268
   303   243   204
   297   279   254
   297   237   279
   285   250   220
   114    32    33
   285   280   264
   306   254   279
   306   282   254
   291   266   265
   291   244   243
    86    18    19
   295   263   302
   284   274   261
   287   251   226
   302   275   235
   283   277   255
   277   239   203
    87    42    43
   296   294   236
   296   276   288
   299   289   239
    86    19    84
   127    61    62
   299   283   257
    74     9     1
   106    36     6
   104     6    10
   108    35    36
   287   286   251
   116    31    32
   287   275   286
   126    26    27
   289   257   259
   305   274   240
   300   275   287
   290   267   270
   298   262   293
   298   293   238
   297   292   237
   297   253   292
   301   244   291
   301   291   265
   120    29    30
   302   263   286
   118    30    31
   302   286   275
   116    32   114
    74    76     9
    73    65     3
   303   204   278
   303   278   269
   295   235   274
   295   274   284
   109    52    53
    69   288   252
   100    11    12
   296   273   294
    73    70    65
   300   267   290
    78     7    39
   128    25    26
   134     5    23
   104   106     6
    75     3    38
   134    23   132
   130    24    25
   300   290   242
   299   239   277
   299   277   283
    98    12    13
   219   165   167
   107     8    52
    66   247   282
   306   279   246
    72     1    37
   305   240   289
   305   289   259
   306   246   304
    66   304   256
    66   282   306
   189   123   125
    66   306   304
   123    59    60
    67   271   276
    67   276   241
   172   108   106
   132    23    24
   125    60    61
    92    15    16
   145    80    79
    68   245   281
    84    19    20
    87    85    42
    85    41    42
   130    25   128
   156    92    90
    68   281   258
   129    62    63
    88    17    18
   142    75    77
   113    54    55
   111    53    54
    70     2    65
   213   155   157
   107   105     8
   101    49    50
    99    48    49
    99    49   101
   119    57    58
   161    95    97
    81    39    40
    78    79     7
    69   273   296
    69   296   288
   137    73     3
   212   156   154
    97    47    48
   105    51     8
    98    13    96
   108    36   106
   115    55    56
   115   113    55
   169   103   105
   145   146    80
    83    40    41
   161   159    95
    76     4     9
   110    34    35
   212   214   156
   102    10    11
   119   117    57
    71    37     2
    79    22     7
    82    20    21
   169   167   103
   103    50    51
   125    61   127
   133    64     5
   121    58    59
    71    72    37
    80    21    22
    80    22    79
   126   128    26
   130   132    24
   110    35   108
   116   118    31
   179   113   115
   121   119    58
   140    72    71
   192   128   126
    96    13    14
    94    14    15
    90    16    17
    82    84    20
   111    54   113
   107    52   109
   131    63    64
   129   127    62
   125   123    60
   133     5   134
    90    92    16
    90    17    88
   117    56    57
   117   115    56
   181   115   117
   111   109    53
   129    63   131
   191   125   127
   195   129   131
   193   127   129
   195   131   197
   133   131    64
    82    21    80
    86    88    18
    95    46    47
    95    47    97
   218   166   164
   112    33    34
    93    45    46
    93    46    95
   135     2    70
   135    71     2
   112    34   110
   124    27    28
   155    89    91
   155   153    89
   120    30   118
   122    28    29
    77    38     4
    77    75    38
   146    82    80
   214   160   158
   103    51   105
   103   101    50
   121    59   123
   183   117   119
   136     1    72
   198   134   132
   122    29   120
   174   108   172
   184   120   118
   124   126    27
   148    84    82
   148   150    84
    89    43    44
    91    44    45
   102    11   100
   222   176   174
   141    76    74
   206    76   141
   180   116   114
   112   114    33
   124    28   122
   182   118   116
   214   216   160
    85    83    41
   206   138    76
    94    96    14
   228   188   186
   190   126   124
    87    43    89
   299   257   289
   138     4    76
   104    10   102
   200    70   139
   181   179   115
   221   173   175
   171   105   107
    81    40    83
    81    78    39
   149    83    85
   137     3    75
   208   146   145
   208   210   146
   215   157   159
    99    97    48
   221   175   224
   199   134   198
    91    45    93
    91    89    44
    94    15    92
    98   100    12
   188   124   122
   197   131   133
   218   164   216
   281   245   207
   136    74     1
   243   141   204
   180   114   178
   184   186   120
   138    77     4
   164   100    98
   153    87    89
   151    85    87
   143    79    78
   143   145    79
   223   178   176
   196   132   130
   151   149    85
   151    87   153
   202    72   140
   175   109   111
   189   125   191
   187   121   123
   187   123   189
   185   119   121
   234   199   198
   185   121   187
   211   147   149
   209   143   144
   185   183   119
   229   187   189
   201   140    71
   221   171   173
   190   124   188
   196   198   132
   144    78    81
   144   143    78
   229   189   230
   193   191   127
   175   111   177
   181   117   183
   201    71   135
   202   136    72
   154    90    88
   160    96    94
   162    98    96
   162   164    98
   169   105   171
   139    70    73
   177   111   113
   177   113   179
   229   185   187
   226   183   185
   193   129   195
   229   226   185
   167   101   103
   165    99   101
   148    82   146
   150    86    84
   186   122   120
   186   188   122
   178   114   112
   250   174   172
   247   152   150
   213   157   215
   194   130   128
   194   196   130
   207    77   138
   162    96   160
   239   139   203
   211   209   147
   152    88    86
   152    86   150
   203    73   137
   203   139    73
   176   112   110
   176   178   112
   270   229   230
   219   217   165
   211   149   151
   147    81    83
   166   102   100
   166   100   164
   252   197   199
   190   192   126
   270   267   229
   232   195   197
   147   144    81
   147    83   149
   173   107   109
   257   213   215
   303   268   291
   252   232   197
   168   104   102
   168   102   166
   194   128   192
    67   270   271
   184   118   182
   180   182   116
   205   137    75
   209   144   147
   207   142    77
   170   106   104
   170   104   168
   170   172   106
   173   171   107
   173   109   175
   208   145   143
   158    94    92
   199   133   134
   199   197   133
   298   285   262
   210   148   146
   158    92   156
   158   160    94
   154   156    90
   154    88   152
   204   141    74
   234   198   196
   157    91    93
   159    93    95
   157    93   159
   157   155    91
   228   190   188
   231   192   190
   165   101   167
   163    97    99
   163    99   165
   200   135    70
   217   163   165
   163   161    97
   174   110   108
   174   176   110
   210   150   148
   216   162   160
   228   231   190
   269   231   228
   217   161   163
   226   181   183
   250   222   174
   227   186   184
   230   189   191
   232   193   195
   220   172   170
   216   164   162
   249   169   171
   249   219   169
   224   177   179
   224   175   177
   247   212   152
   205    75   142
   214   158   156
   218   168   166
   259   215   217
   251   179   181
   213   153   155
   237   203   137
   251   181   226
   241   202   140
   231   194   192
   233   196   194
   263   221   224
   235   201   135
   212   154   152
   238   138   206
   204    74   136
   233   194   231
   227   228   186
   223   176   222
